(13.8, 6.2) | (13.8, 6.2)
(13.8, 6.1) | (13.8, 6.2)
(13.8, 6.0) | (13.8, 6.1)
(13.9, 5.8) | (13.8, 6.0)
(14.0, 5.7) | (13.9, 5.8)
(14.2, 5.7) | (14.0, 5.7)
(14.4, 5.7) | (14.2, 5.7)
(14.6, 5.6) | (14.4, 5.7)
(14.9, 5.7) | (14.6, 5.6)
(15.2, 5.7) | (14.9, 5.7)
(15.4, 5.8) | (15.2, 5.7)
(15.7, 5.9) | (15.4, 5.8)
(15.8, 6.0) | (15.7, 5.9)
(15.9, 6.0) | (15.8, 6.0)
(16.0, 6.1) | (15.9, 6.0)
(16.2, 6.2) | (16.0, 6.1)
(16.4, 6.4) | (16.2, 6.2)
(16.6, 6.5) | (16.4, 6.4)
(16.8, 6.6) | (16.6, 6.5)
(17.0, 6.7) | (16.8, 6.6)
(17.2, 6.8) | (17.0, 6.7)
(17.3, 6.9) | (17.2, 6.8)
(17.6, 7.0) | (17.3, 6.9)
(17.8, 7.0) | (17.6, 7.0)
(18.1, 7.0) | (17.8, 7.0)
(18.4, 7.0) | (18.1, 7.0)
(18.7, 7.0) | (18.4, 7.0)
(19.0, 6.9) | (18.7, 7.0)
(19.2, 6.8) | (19.0, 6.9)
(19.4, 6.7) | (19.2, 6.8)
(19.6, 6.7) | (19.4, 6.7)
(19.9, 6.5) | (19.6, 6.7)
(20.3, 6.3) | (19.9, 6.5)
(20.6, 6.2) | (20.3, 6.3)
(20.8, 6.0) | (20.6, 6.2)
(21.2, 5.7) | (20.8, 6.0)
(21.5, 5.5) | (21.2, 5.7)
(21.7, 5.3) | (21.5, 5.5)
(22.0, 5.2) | (21.7, 5.3)
(22.1, 5.2) | (22.0, 5.2)
(22.3, 5.1) | (22.1, 5.2)
(22.4, 5.1) | (22.3, 5.1)
(22.6, 5.1) | (22.4, 5.1)
(22.8, 5.0) | (22.6, 5.1)
(23.1, 5.0) | (22.8, 5.0)
(23.3, 5.0) | (23.1, 5.0)
(23.5, 5.0) | (23.3, 5.0)
(23.6, 5.0) | (23.5, 5.0)
(23.7, 5.0) | (23.6, 5.0)
(15.7, 8.5) | (15.7, 8.5)
(16.6, 8.2) | (15.7, 8.5)
(17.2, 8.0) | (16.6, 8.2)
(17.8, 7.8) | (17.2, 8.0)
(18.5, 7.7) | (17.8, 7.8)
(19.3, 7.5) | (18.5, 7.7)
(20.3, 7.5) | (19.3, 7.5)
(21.3, 7.5) | (20.3, 7.5)
(22.4, 7.7) | (21.3, 7.5)
(23.4, 7.8) | (22.4, 7.7)
(24.6, 8.1) | (23.4, 7.8)
(25.5, 8.3) | (24.6, 8.1)
(26.6, 8.7) | (25.5, 8.3)
(27.5, 9.0) | (26.6, 8.7)
(28.3, 9.3) | (27.5, 9.0)
(29.1, 9.6) | (28.3, 9.3)
(29.9, 9.7) | (29.1, 9.6)
(30.3, 9.7) | (29.9, 9.7)
(28.7, 11.6) | (28.7, 11.6)
(28.4, 11.5) | (28.7, 11.6)
(27.9, 11.2) | (28.4, 11.5)
(27.3, 10.9) | (27.9, 11.2)
(26.9, 10.8) | (27.3, 10.9)
(NaN, NaN) | (26.9, 10.8)
(26.8, 10.7) | (NaN, NaN)
(26.7, 10.7) | (26.8, 10.7)
(26.6, 10.6) | (26.7, 10.7)
(26.6, 10.6) | (26.6, 10.6)
(26.5, 10.5) | (26.6, 10.6)
(26.4, 10.5) | (26.5, 10.5)
(26.3, 10.4) | (26.4, 10.5)
(26.2, 10.4) | (26.3, 10.4)
(26.1, 10.3) | (26.2, 10.4)
(26.0, 10.3) | (26.1, 10.3)
(25.9, 10.2) | (26.0, 10.3)
(25.8, 10.2) | (25.9, 10.2)
(25.7, 10.1) | (25.8, 10.2)
(25.7, 10.1) | (25.7, 10.1)
(25.6, 10.0) | (25.7, 10.1)
(25.5, 10.0) | (25.6, 10.0)
(25.4, 9.9) | (25.5, 10.0)
(25.3, 9.9) | (25.4, 9.9)
(25.2, 9.8) | (25.3, 9.9)
(25.1, 9.8) | (25.2, 9.8)
(25.0, 9.7) | (25.1, 9.8)
(24.9, 9.7) | (25.0, 9.7)
(24.8, 9.6) | (24.9, 9.7)
(23.7, 8.8) | (24.8, 9.6)
(22.7, 8.0) | (23.7, 8.8)
(21.8, 7.2) | (22.7, 8.0)
(21.1, 6.5) | (21.8, 7.2)
(20.3, 6.0) | (21.1, 6.5)
(19.7, 5.8) | (20.3, 6.0)
(19.1, 5.7) | (19.7, 5.8)
(18.7, 5.7) | (19.1, 5.7)
(18.1, 5.7) | (18.7, 5.7)
(17.4, 5.9) | (18.1, 5.7)
(16.4, 6.1) | (17.4, 5.9)
(15.4, 6.5) | (16.4, 6.1)
(14.4, 6.8) | (15.4, 6.5)
(13.3, 7.3) | (14.4, 6.8)
(12.1, 7.8) | (13.3, 7.3)
(10.9, 8.4) | (12.1, 7.8)
(10.3, 8.7) | (10.9, 8.4)
(9.7, 9.1) | (10.3, 8.7)
(9.1, 9.5) | (9.7, 9.1)
(8.8, 9.9) | (9.1, 9.5)
(8.4, 10.1) | (8.8, 9.9)
(8.3, 10.3) | (8.4, 10.1)
(8.2, 10.3) | (8.3, 10.3)
